   1.1800000e+02   1.0500000e+02   1.0100000e+02   1.1900000e+02   5.1000000e+01   1.0000000e+02   4.6000000e+01   1.0900000e+02   1.0000000e+01   1.1800000e+02   1.0500000e+02   1.0100000e+02   1.1900000e+02   9.5000000e+01   1.0200000e+02   1.0100000e+02   9.7000000e+01   1.1600000e+02   9.5000000e+01   1.1400000e+02   1.0100000e+02   1.1500000e+02   1.1700000e+02   1.0800000e+02   1.1600000e+02   1.1500000e+02   4.6000000e+01   1.0900000e+02   1.0000000e+01   1.1800000e+02   1.0500000e+02   1.0100000e+02   1.1900000e+02   9.5000000e+01   1.0200000e+02   1.0100000e+02   9.7000000e+01   1.1600000e+02   9.5000000e+01   1.1400000e+02   1.0100000e+02   1.1500000e+02   1.1700000e+02   1.0800000e+02   1.1600000e+02   1.1500000e+02   4.6000000e+01   1.0900000e+02   1.2600000e+02   1.0000000e+01
   1.4607000e+04
   1.4989000e+04
   1.5282000e+04
   1.5092000e+04
   1.5124000e+04
   1.4877000e+04
   1.4854000e+04
   1.4836000e+04
   1.5083000e+04
   1.4844000e+04
   1.4950000e+04
   1.4768000e+04
   1.4489000e+04
   1.4342000e+04
   1.4364000e+04
   1.4373000e+04
   1.4434000e+04
   1.4338000e+04
   1.4509000e+04
   1.4648000e+04
   1.4797000e+04
   1.5308000e+04
   1.5255000e+04
   1.5352000e+04
   1.5067000e+04
   1.4957000e+04
   1.5114000e+04
   1.5119000e+04
   1.5127000e+04
   1.5058000e+04
   1.5021000e+04
   1.4626000e+04
   1.4410000e+04
   1.4362000e+04
   1.4433000e+04
   1.4393000e+04
   1.4661000e+04
   1.4581000e+04
   1.4641000e+04
   1.4817000e+04
   1.4642000e+04
   1.5120000e+04
   1.5087000e+04
   1.5238000e+04
   1.5215000e+04
   1.5139000e+04
   1.5227000e+04
   1.4994000e+04
   1.5122000e+04
   1.5027000e+04
   1.5033000e+04
   1.4398000e+04
   1.4502000e+04
   1.4487000e+04
   1.4558000e+04
   1.4566000e+04
   1.4577000e+04
   1.4376000e+04
   1.4487000e+04
   1.4697000e+04
   1.4925000e+04
   1.5146000e+04
   1.5386000e+04
   1.5182000e+04
   1.5077000e+04
   1.5103000e+04
   1.5206000e+04
   1.5176000e+04
   1.5161000e+04
   1.4913000e+04
   1.5010000e+04
   1.4511000e+04
   1.4482000e+04
   1.4333000e+04
   1.4574000e+04
   1.4408000e+04
   1.4367000e+04
   1.4555000e+04
   1.4241000e+04
   1.4572000e+04
   1.4712000e+04
   1.5079000e+04
   1.5319000e+04
   1.5129000e+04
   1.5167000e+04
   1.5072000e+04
   1.4982000e+04
   1.4924000e+04
   1.5112000e+04
   1.5262000e+04
   1.5095000e+04
   1.4579000e+04
   1.4368000e+04
   1.4659000e+04
   1.4471000e+04
   1.4737000e+04
   1.4762000e+04
   1.4831000e+04
   1.4579000e+04
   1.4615000e+04
   1.4898000e+04
   1.5330000e+04
   1.5201000e+04
   1.5295000e+04
   1.5266000e+04
   1.5220000e+04
   1.5273000e+04
   1.5203000e+04
   1.4910000e+04
   1.5138000e+04
   1.5073000e+04
   1.4439000e+04
   1.4485000e+04
   1.4316000e+04
   1.4504000e+04
   1.4615000e+04
   1.4534000e+04
   1.4380000e+04
   1.4644000e+04
   1.4327000e+04
   1.4889000e+04
   1.5171000e+04
   1.5233000e+04
   1.5115000e+04
   1.5213000e+04
   1.5100000e+04
   1.5074000e+04
   1.5208000e+04
   1.5083000e+04
   1.5144000e+04
   1.5109000e+04
   1.4411000e+04
   1.4330000e+04
   1.4519000e+04
   1.4372000e+04
   1.4381000e+04
   1.4567000e+04
   1.4583000e+04
   1.4413000e+04
   1.4732000e+04
   1.5016000e+04
   1.5175000e+04
   1.5288000e+04
   1.5525000e+04
   1.5278000e+04
   1.5073000e+04
   1.5108000e+04
   1.5082000e+04
   1.5131000e+04
   1.5091000e+04
   1.5068000e+04
   1.4383000e+04
   1.4365000e+04
   1.4354000e+04
   1.4603000e+04
   1.4530000e+04
   1.4604000e+04
   1.4638000e+04
   1.4547000e+04
   1.4520000e+04
   1.4979000e+04
   1.5261000e+04
   1.5149000e+04
   1.5184000e+04
   1.5321000e+04
   1.5045000e+04
   1.5236000e+04
   1.5207000e+04
   1.5044000e+04
   1.5007000e+04
   1.5003000e+04
   1.4660000e+04
   1.4506000e+04
   1.4652000e+04
   1.4493000e+04
   1.4606000e+04
   1.4839000e+04
   1.4987000e+04
   1.4656000e+04
   1.4878000e+04
